652
869
-410
461
-703
-981
-687
138
825
742
-128
-723
-64
906
659
929
-546
521
-191
163
307
116
323
-153
539
-54
592
57
-8
50
716
783
-638
869
-510
-123
102
-95
731
-424
982
-678
-296
718
-158
32
-72
-778
-49
344
388
178
-540
105
-344
-948
217
240
380
246
-347
-201
-108
-132
94
-635
-616
-725
284
-733
-168
306
-378
-989
-138
-462
-771
-131
519
-393
250
-963
905
-794
-408
-546
-557
353
-498
888
254
-691
463
725
709
-642
-240
-721
-628
-725
702
-148
-298
-942
-678
249
682
770
429
-192
-99
845
974
-305
631
933
60
-212
655
-943
-633
-489
287
-239
-824
-388
-460
-244
183
-779
-901
-752
668
804
691
-987
9
435
-21
-404
-112
798
-674
-14
109
-222
756
-906
339
-581
-818
784
113
-200
168
460
25
657
791
814
-59
978
56
-805
653
-475
-504
-287
920
221
-235
-528
975
-966
66
453
477
956
-625
-172
99
889
-490
873
-381
4
409
-747
317
42
949
168
-852
23
-315
-212
747
826
60
-219
858
529
-782
-317
895
991
779
-129
812
190
-591
273
-348
-355
-968
498
177
-999
365
-803
-223
-882
-910
-949
49
168
-709
-558
1
-358
-712
714
789
-710
177
205
-783
-333
730
469
18
305
-515
821
147
-966
-671
540
-602
-96
-857
466
627
-461
-263
-694
-609
905
-604
172
-781
-634
359
187
-202
259
84
-815
-724
-787
-707
9
-761
-54
-605
-341
-671
-276
313
674
-444
-520
-655
-579
-76
295
-249
-337
943
765
-644
-321
542
-354
841
-794
-151
-918
-572
-714
736
664
-120
732
-591
-340
-672
-963
59
29
171
-353
-1000
-897
-164
75
17
386
-311
-71
908
-314
-901
-111
-411
-419
880
91
-284
588
-737
-290
-854
111
-431
508
-580
223
-606
-636
-993
-622
-205
509
984
949
-486
686
-266
486
-705
106
520
-242
70
-213
-309
722
-456
-606
321
324
36
-563
816
-997
319
-943
-995
543
-334
-634
562
-910
-830
-657
-780
-20
-921
989
-938
-650
-935
-456
186
622
570
77
-42
-999
-379
-739
886
756
445
-611
-418
792
-495
317
-740
141
-79
-711
90
907
836
900
341
-776
-694
-152
-258
377
-992
-734
-497
587
807
738
759
-45
996
-694
631
-630
-943
845
865
891
-780
-39
336
204
-707
532
-159
-501
967
569
425
989
479
-946
-440
-886
527
-228
-1
865
-775
-499
979
483
226
119
552
-340
-834
-992
-754
-50
-54
484
-424
228
126
-332
241
243
-581
8
-325
238
-783
-923
-580
-491
845
249
-515
-56
-702
786
793
932
-682
-983
-762
-319
-285
890
-120
840
-455
-67
143
-163
669
-746
360
-119
-473
843
914
-369
209
429
663
-849
141
-601
923
898
-681
-614
-139
-631
-788
533
411
489
553
742
866
-23
-659
-793
985
-536
697
-236
-407
-136
192
771
488
-151
-230
12
728
-422
243
753
229
-248
100
-831
960
-747
-454
-981
-54
-431
318
779
552
-236
-603
879
809
780
117
998
520
-595
247
45
-134
-873
-535
843
170
-285
891
435
-784
-31
225
50
1000
753
-743
973
-993
370
-353
-946
-479
973
-895
302
-215
-804
193
-228
-205
-995
-384
858
148
-591
-39
-514
944
438
-30
-76
585
352
-846
120
614
822
-627
954
289
-234
-386
806
765
167
-425
227
319
-277
-330
-727
-511
-910
-947
-590
868
-664
467
-146
-187
-664
27
-922
-316
20
592
-745
385
-518
-31
-698
920
87
-598
-100
-203
-447
-868
841
943
-60
-267
-879
-807
-587
945
358
-795
796
-475
-222
-131
-669
-299
927
657
41
-486
-398
543
635
614
-770
515
-557
76
-350
-577
-774
438
-905
-753
-440
-644
-52
-673
-1000
59
-468
938
970
543
-761
172
-359
-108
-191
901
-590
-836
-977
-133
-35
594
115
285
-455
352
-87
652
232
237
544
448
-185
178
726
879
-328
654
827
-337
847
151
749
-366
484
-169
-852
769
969
-96
912
-62
-825
696
-450
-378
-17
758
-836
-417
958
-741
-307
181
-289
-511
-494
-185
790
462
890
444
28
159
389
326
-65
190
-394
-795
-683
-803
115
95
-813
448
654
-419
-370
-873
674
-758
-550
-355
-588
100
-984
-814
453
-868
242
551
-411
-180
919
-231
-727
976
-662
121
-821
-484
227
166
-286
-971
-330
653
-748
-265
534
355
5
415
90
978
-359
686
74
931
-695
-706
623
324
332
-395
965
647
985
514
911
-600
37
-549
-114
932
-347
308
-438
745
-40
564
897
-691
464
-106
180
505
-187
-229
-560
476
375
-726
-512
770
-873
978
-840
-983
839
321
-606
882
680
-786
758
236
-975
811
-509
131
225
392
98
18
121
194
45
670
644
-682
-927
140
-305
592
-793
-46
-160
937
580
-328
263
521
-696
-277
64
-504
-608
604
-797
-192
693
-443
842
-328
-843
439
-404
-444
871
420
930
-865
645
-297
644
-605
-691
-786
270
-212
619
88
201
-866
56
-77
298
425
-599
-331
-153
151
-193
911
44
-566
-42
-176
-975
156
-535
-622
-103
778
-858
-189
447
-540
481
851
-118
860
-161
801
334
-433
333
370
-7
-359
820
-284
-203
848
-683
422
215
-901
-672
93
417
83
-68
-952
-957
-308
-979
339
-11
568
-986
523
909
-712
386
-749
-189
-697
465
933
-300
-833
-61
838
-407
297
-711
-67
912
335
722
-379
-14
602
155
-825
-597
580
-519
-128
471
-976
517
128
340
551
-457
237
-565
-346
-660
370
-663
-706
618
731
-685
-457
481
-349
783
-747
-588
-172
-985
618
541
-852
-670
451
-964
-241
100
352
-147
-375
-292
502
-108
-813
-526
376
-256
-327
-948
578
-77
-938
700
998
61
760
105
651
107
559
-322
-319
184
590
628
202
-37
664
446
-573
566
949
-240
441
893
-563
-689
-289
798
51
19
-229
569
-651
-567
-595
713
-930
35
201
-896
727
426
-737
609
853
896
209
-718
-486
-384
870
246
-376
-207
368
270
-457
-200
873
923
537
-373
541
831
-913
-987
211
658
-484
-798
955
897
-397
-613
652
-45
296
749
546
-545
941
169
81
99
-123
-12
-49
-611
435
-194
-136
174
-272
-596
626
-211
779
-845
528
-716
-146
74
482
-314
501
93
689
438
239
456
788
642
-715
133
-655
282
659
-600
887
753
-213
-404
402
-741
-460
-215
60
935
880
290
79
420
23
-383
-835
722
394
335
-614
958
-526
-646
-15
672
997
703
665
663
-758
613
-250
990
701
173
715
-274
-218
-217
738
10
257
280
344
-391
-875
-742
829
31
-562
-887
643
-910
-739
912
293
445
746
366
106
-552
599
-390
-190
-669
93
717
-618
-907
716
-209
-382
153
-531
893
735
788
105
-100
421
-618
-933
935
869
-114
620
806
496
-367
706
-80
-115
658
-757
-710
405
798
-566
-386
269
-841
-446
114
867
-222
902
582
150
-818
90
-521
629
-273
927
453
-371
-67
703
844
-209
-196
-20
-809
-237
180
126
579
136
-274
-611
-102
961
-393
-338
-412
874
817
-454
907
-529
-201
-657
609
700
103
520
377
174
-461
520
556
-580
33
-446
395
-456
724
562
-52
-28
-757
812
775
-820
409
138
956
-103
-986
958
-906
-751
378
340
-990
-249
237
-694
47
-671
448
37
961
-300
-823
-771
-141
192
889
-298
-237
-592
-172
-196
-532
-219
931
910
631
-861
-597
-886
799
-365
-68
-575
-79
-594
-323
302
-834
32
-723
896
257
931
77
873
780
983
483
-687
-581
-966
131
-615
303
-281
265
-864
422
-478
109
738
-269
-589
-452
689
199
-441
-16
-625
125
784
556
-815
-91
-321
-405
-554
827
-689
-345
-754
-479
39
13
-715
645
-864
-911
-236
329
340
190
196
-888
-105
-440
-394
-486
-430
-890
377
-536
339
-6
484
350
636
-491
398
-315
-896
86
42
-546
52
-166
751
-105
811
265
378
617
469
-536
-278
364
-624
-739
-423
359
-905
327
-545
517
559
371
-986
-648
124
-336
-730
995
-299
323
-615
-117
-468
-190
716
-181
-194
-427
384
113
883
-633
-440
564
506
-943
216
123
336
-274
215
826
314
777
-558
326
414
600
-658
837
-386
-634
429
196
-598
-980
270
-683
-672
-43
801
-489
990
31
993
-978
-668
872
-765
10
-650
-417
-399
634
-733
55
-498
-256
606
-783
-537
401
-545
56
-64
-439
5
133
-213
247
-964
-450
-614
223
378
-515
-167
-800
947
855
286
-829
877
938
758
873
-993
514
-848
-840
873
195
-552
-882
383
-842
-449
-243
-749
-574
385
263
-307
264
989
478
313
311
245
882
317
-98
-937
332
523
2
-817
110
918
-49
271
188
518
-152
731
-774
-211
-787
992
655
-849
-939
-619
-598
-250
-101
104
905
-784
-649
53
722
542
724
-841
217
-678
352
-730
-666
667
650
-999
-600
-119
628
278
214
837
837
-216
-872
-909
841
-470
-441
435
743
-247
-79
-291
-568
-156
-142
-616
690
-291
101
-207
932
720
197
52
-233
-378
931
519
706
-548
227
169
-223
-474
-994
-473
466
2
772
898
-256
410
-594
392
72
585
556
-657
683
430
-652
128
295
333
930
311
206
160
-937
196
-262
-338
-62
155
-290
-510
-620
527
-314
871
194
849
232
642
773
-397
647
560
-669
347
-307
-353
-206
-142
475
849
-555
27
-355
793
918
-594
-52
339
349
-376
81
-683
-199
957
19
292
-768
950
645
-729
-118
36
-937
-86
247
-170
611
647
121
906
193
461
-220
-741
473
899
-285
713
177
131
-10
37
154
-604
-162
262
691
440
707
-563
-566
-570
491
-342
323
866
-322
281
-541
-818
-988
-742
-261
-213
-57
643
114
-733
26
-50
437
-661
196
-332
-346
-667
-206
893
-984
-474
-751
650
-344
-494
-256
259
695
375
-807
-6
-358
-174
-850
684
-737
-489
6
-827
400
679
-715
648
-853
-307
113
113
129
736
-44
66
-309
-479
370
52
-367
611
588
-337
-291
-362
428
387
-76
834
-251
383
-854
417
3
588
-280
-207
539
-948
-932
-602
-997
928
132
-326
-124
513
-797
-836
805
-489
378
-952
-835
904
-267
-363
-836
135
592
296
-397
796
-843
511
-254
707
127
179
-716
740
105
198
582
265
-108
848
61
442
-51
708
260
236
788
457
995
630
-641
857
112
-465
-939
944
-516
366
127
-162
-931
104
-735
446
-633
-659
864
-414
-787
252
702
980
591
944
-706
684
-384
-286
314
-399
-294
-798
-601
-767
321
-421
888
-586
506
-362
198
-273
876
-241
477
-345
44
-28
-656
708
-399
-678
-377
-406
-571
369
-38
576
-634
-83
-872
-991
484
163
-110
-462
847
-228
950
316
-203
-714
469
549
82
-679
-605
-323
779
463
-11
-562
-417
669
-733
28
200
255
629
293
892
-10
-520
712
77
-711
-807
-678
420
-96
-910
309
-154
-443
-94
640
-42
657
960
188
-724
893
18
-260
-48
-72
-323
-881
530
285
152
-843
-949
493
-284
-502
744
-901
499
350
-438
-684
-876
-104
357
332
-31
468
937
860
-157
89
630
-956
-80
198
-277
-304
-892
892
-218
759
-615
-643
265
990
889
107
993
-686
270
311
938
976
-157
142
-163
449
136
654
-615
252
765
921
536
-673
-99
122
552
100
-252
559
66
217
341
256
254
-124
699
-722
-529
421
-202
-997
701
-777
-844
-170
-598
-316
-359
-282
297
-502
-836
731
67
976
428
-527
831
449
621
524
709
-430
516
227
-294
-127
593
667
865
-34
-415
838
308
294
-677
-271
-918
677
-46
253
470
-54
430
-683
-707
-705
580
-9
16
-94
-783
885
21
480
725
-671
-146
-773
-62
-62
772
-929
-695
-176
-906
157
-148
-18
807
-473
-553
861
-729
840
755
-443
-716
287
-539
152
-533
433
-962
177
-150
-259
-395
-783
633
80
-890
-406
390
-489
752
268
-60
350
-330
29
-569
724
736
992
-20
364
-516
209
977
188
648
-695
-524
325
-224
627
654
-670
-468
-503
-974
168
610
736
-851
-316
-658
-914
598
56
-851
610
26
685
353
547
-498
-110
-780
275
947
909
117
-172
-546
-548
-839
-714
-879
-898
209
-955
-100
378
-658
280
-891
-7
272
299
328
-100
629
-288
561
864
355
-633
-764
-236
-778
-718
-179
359
531
-767
-898
-31
-473
-735
943
-869
378
-640
-557
-117
531
667
404
337
526
836
557
645
-27
-538
704
817
70
-92
-925
708
178
971
-254
693
-417
-971
-95
908
-496
-862
550
-995
-561
288
520
-725
-663
-42
169
-926
654
-922
-998
488
-929
-10
-501
-619
-565
-489
-963
-488
-939
694
341
-219
-441
-445
-16
719
-261
886
243
729
-769
-847
-518
-680
-482
-828
993
-834
-335
-261
760
-396
785
280
24
275
-352
701
-626
111
212
-542
23
436
767
934
40
-853
111
928
622
580
831
990
277
412
-811
508
-903
-783
9
-912
-692
160
-34
-38
-140
-251
705
838
367
-637
-433
20
575
798
1000
-638
-20
661
550
596
118
615
844
929
-220
482
-694
-966
-635
-395
995
241
-402
352
430
-499
396
-100
973
412
731
940
-443
524
709
-412
140
394
640
-423
338
759
-814
215
-232
-333
400
557
539
-302
-370
625
267
-202
-36
-874
742
456
185
-22
-238
30
-777
-652
888
-764
387
304
609
750
324
329
163
915
529
491
-641
-967
857
-102
278
-173
-320
129
822
-248
-808
-613
222
-153
-260
236
18
-590
-91
-505
-310
597
-705
-166
261
313
418
289
-957
940
617
-387
-22
483
80
126
-787
-860
-201
227
-66
-261
245
325
-102
-56
-46
-451
-273
726
-597
-944
315
-640
-484
-145
-881
881
317
-372
-531
681
166
828
-283
840
344
-153
131
-545
800
-186
263
-242
-324
-360
-432
-634
516
-428
-608
-945
41
-749
-459
358
53
420
-663
-253
-676
-573
-828
-389
280
392
82
732
979
855
-134
-470
779
636
-791
279
-65
250
553
291
-636
562
-43
-42
-915
766
37
-638
999
247
786
709
-902
-629
875
113
734
-453
844
-906
840
257
208
283
660
-793
111
790
608
-139
-482
-618
29
434
-599
837
-17
-530
320
-674
72
197
-947
418
-63
877
106
-952
-516
-748
354
278
-566
923
594
-909
964
-777
-601
238
514
987
-682
-56
255
-316
931
-88
733
241
-512
324
-440
-44
-572
486
-856
756
728
-686
786
-539
506
76
-8
461
-103
-734
915
-583
-128
685
802
-185
-917
672
-26
-673
834
-554
854
91
593
-448
-449
37
479
567
-640
-260
-162
249
-542
860
-117
-880
158
-457
-565
866
989
-882
-101
-149
-964
-901
-723
734
425
-619
380
746
-571
806
150
998
-85
-833
-803
-846
-772
706
91
294
-287
-291
999
72
650
815
842
-551
-651
-568
950
630
-487
-156
45
-129
490
-589
-596
263
289
268
-632
-693
616
347
613
-716
-818
-252
-425
-184
-137
585
-697
-163
-993
806
743
225
-74
863
-956
646
-220
-153
514
-266
626
-313
561
-447
-87
-573
-905
-819
-175
890
6
-851
962
-105
866
847
-26
376
-818
173
-448
106
-760
-349
-480
411
952
-46
651
-935
-572
222
335
148
358
-513
-77
781
-301
771
-357
826
-201
721
-360
68
-276
760
674
-641
949
-218
295
-267
-856
-207
-225
-376
725
-556
-150
-115
925
724
-62
-573
-793
-422
133
-582
223
-765
297
677
592
454
-565
-795
-253
-753
91
58
-999
-607
223
-39
304
526
385
677
-327
-294
617
251
466
-84
-171
-263
182
282
524
396
689
-124
-50
302
78
710
206
210
-638
528
-359
-857
885
-420
941
-815
400
745
-253
192
443
-453
324
313
766
102
387
815
4
876
-473
305
-523
301
-547
22
-6
543
891
729
-4
-683
697
-242
773
872
782
317
-224
267
-531
674
-152
107
-816
-706
-47
492
369
301
-340
6
148
-949
-941
-728
676
-891
860
-173
195
949
372
452
607
-932
-778
-354
150
720
-129
-16
876
-946
-740
302
654
232
-549
609
-325
333
-19
-402
-90
-179
42
-359
554
418
929
313
174
201
-271
218
845
-419
120
267
147
766
924
-380
-334
832
826
802
671
918
-730
-580
-179
671
-142
556
248
195
-924
923
-542
-693
134
518
967
322
-738
-260
-83
-605
543
641
-393
604
502
-834
-101
-23
-127
-139
-263
945
-701
976
271
570
-419
58
-612
756
393
173
-285
168
433
-89
-459
794
-609
-363
130
-273
-867
-647
-944
-527
-94
581
749
632
-140
67
-775
-898
982
-580
-960
686
-759
345
163
364
-839
750
-658
247
-248
915
-287
965
-396
-255
-610
-589
-57
732
108
-196
-505
-704
-197
-849
-312
-313
592
170
870
-871
384
-293
360
464
706
116
-628
669
900
-853
-820
-351
845
-697
-876
134
932
-551
446
949
39
463
403
791
-539
-252
-751
183
-384
214
-390
-893
-130
130
-195
-304
-881
-920
-309
-522
71
900
-515
645
798
153
-593
74
152
274
355
-411
668
245
-587
-943
-564
593
-775
-968
-722
759
368
256
338
488
-275
265
-477
-375
776
-179
-733
-922
-955
713
121
-998
-550
966
-676
206
894
-992
284
-812
-111
-784
938
855
-188
-414
856
-693
993
912
360
-24
227
-719
-871
381
-232
443
-827
411
-322
603
-218
-792
-820
155
-519
834
-768
92
-6
711
-122
652
235
-627
-232
-531
-85
960
-379
680
-286
265
-18
446
970
619
794
830
524
-655
-612
-142
120
-448
594
-354
-707
-144
809
-443
-609
-897
-372
-956
-447
318
971
198
-354
735
511
883
894
-118
566
-929
710
-368
-819
89
-202
-6
-506
-499
-743
-673
-570
-15
522
623
263
-32
961
189
416
-500
-150
-731
-855
-211
286
-596
-449
-574
183
784
-423
-603
351
-347
243
148
50
-566
-841
-960
832
670
-867
-272
166
-580
-502
76
158
-240
-86
472
-200
-690
-133
-68
519
-484
560
-526
-1000
-432
731
-609
-922
600
906
-803
-939
-518
-704
-521
219
-813
-709
834
496
-118
-140
550
-618
709
761
-309
713
-506
770
-57
654
998
835
987
-766
-260
888
704
-997
535
244
401
-226
-491
194
-23
349
677
25
615
-257
763
-987
225
-611
-265
-606
-794
-622
652
-155
-319
-963
332
543
672
41
562
-359
-40
519
50
652
-196
329
21
299
-92
-52
34
878
569
437
887
-831
-276
663
-100
-763
113
-71
-847
-355
858
-407
114
63
492
-603
574
-670
985
-907
-816
55
781
727
-436
-585
-11
575
190
-739
646
93
105
375
622
836
834
153
-372
-657
602
495
922
-959
-467
656
383
851
552
421
759
-578
981
-873
956
908
-300
-599
-971
-80
-207
-91
-984
897
3
-946
-318
363
482
-513
-784
957
-973
832
516
-355
103
-271
142
867
688
228
-956
208
-118
-746
-106
49
782
-652
154
548
402
-624
140
868
98
307
-193
420
895
-658
-726
985
-825
-817
-479
66
607
-679
-652
662
-167
-164
659
-611
864
325
383
-957
-539
55
-649
231
116
-952
877
999
-2
888
-431
-426
203
-17
-776
-858
912
414
-919
-885
261
936
654
-294
99
-6
303
455
-433
-545
931
-382
-677
74
178
728
-581
747
-640
143
186
507
632
-808
795
-317
-178
-783
-767
34
611
394
-880
-522
-439
-643
659
-519
192
711
-73
-565
-269
-156
-322
-945
812
-706
-184
531
-680
-932
385
172
744
-395
-948
14
-382
754
704
412
-678
-71
-824
-448
-307
144
209
202
424
956
997
-958
-12
182
-57
-650
675
-610
-484
284
-65
625
504
343
-21
-300
-646
12
873
-889
-152
-413
-685
983
-946
-723
344
-965
-793
97
527
438
849
-549
659
984
-677
665
917
-865
-952
-183
-966
-69
-717
-959
335
-567
547
418
-230
-401
-208
95
582
196
-857
-284
664
-311
954
782
365
765
10
-576
270
-335
131
-295
227
76
502
-747
-263
-176
-956
-165
391
779
259
-632
914
-56
726
-781
-973
20
962
-909
992
-446
-247
-408
396
640
-532
-203
-44
-228
-854
220
361
-952
-350
647
-267
590
23
-784
-501
-557
427
538
607
909
-462
-125
-897
895
-955
-785
-593
-692
-466
842
-289
-299
213
39
385
144
634
101
-643
672
-193
291
-472
789
-455
576
103
-59
-610
305
-363
262
-631
260
-490
-438
-201
-349
-96
-32
693
-171
-987
-777
827
-8
889
637
-797
-237
-948
-102
-151
194
-182
-840
-608
-878
858
682
767
-416
-98
151
-113
-276
-589
-926
-816
790
985
864
180
-2
577
-892
-836
-202
-621
-946
671
-357
738
-92
528
-912
155
-157
873
318
-350
-919
401
641
582
-391
182
-604
-938
-752
498
147
-290
-40
-728
-276
-285
-731
-542
314
736
-237
296
489
658
553
-676
-508
555
167
-502
735
108
968
-372
3
-705
-344
-157
-623
-863
536
820
306
-522
-959
-551
429
-76
-768
-509
-384
527
-155
125
693
-220
880
-362
-456
-194
641
-510
-605
-913
929
649
15
806
468
826
-454
-341
-15
-316
259
-651
756
794
973
57
-186
46
-253
-264
-575
833
-240
821
232
273
-274
486
-108
-72
-414
629
823
795
419
816
-174
80
-946
-574
-488
87
-654
997
-856
-794
79
420
514
-105
128
-251
-757
-768
-956
-310
-986
104
704
-256
263
-44
785
-129
-766
-533
-921
439
943
-545
-190
-975
764
-974
670
42
965
461
-427
-620
990
783
-593
-650
57
-606
-707
422
984
188
-52
-788
-229
-133
152
999
-714
-425
-698
913
-295
994
-262
-110
-735
435
760
826
777
-625
145
-730
-849
481
-249
-513
-98
859
-974
106
-502
53
961
-741
-931
982
373
-254
17
-734
-347
369
-372
798
106
294
-924
715
-855
683
786
-278
559
410
-21
-449
-708
697
-882
438
-17
575
317
928
259
-934
-402
295
-144
-589
762
-742
227
-765
-199
771
-381
-724
-114
-647
-989
211
566
-796
360
-813
453
63
-470
-657
680
-917
-254
-362
215
-65
-299
-267
615
-126
-40
-744
-115
203
-786
-45
-265
432
-955
-768
902
-434
735
-344
-667
-479
-760
-606
115
-982
186
-691
889
516
-302
-20
-872
651
113
389
436
-914
287
-491
-298
-415
-103
-39
785
546
729
822
495
-528
541
980
-580
985
-737
-173
-853
-374
-707
304
-756
605
-103
-77
568
817
-910
-841
-198
905
-825
269
-541
-75
-290
-16
-175
704
365
76
-655
-401
885
-2
-485
-185
-85
-759
947
634
717
-343
150
41
-122
543
-617
-248
261
210
-958
-884
-653
-965
837
286
-742
-372
557
190
-684
25
-957
-815
-677
571
853
758
-964
113
-669
930
-72
493
210
88
944
800
-286
-226
-1
644
-918
-773
-723
-147
-838
-75
-632
-696
590
260
918
518
766
78
971
-803
30
270
818
524
-169
350
363
680
-466
752
225
-272
691
437
317
-515
-189
-585
537
166
626
482
448
-387
461
206
-170
-331
303
-420
-218
512
-87
-457
-221
634
-653
-865
406
793
-150
103
-732
856
537
-442
-746
-741
-316
-394
890
-880
-514
427
-637
290
-560
-12
-613
496
973
863
424
111
550
-221
574
330
313
170
769
-220
-547
872
-796
-576
565
599
-979
-832
-170
-714
-993
431
-323
-866
754
62
312
229
977
496
445
862
749
-790
-729
-488
-216
245
-631
845
269
-420
-764
419
-223
-749
23
821
687
-982
514
-163
121
-378
81
-329
375
-645
820
-19
257
-895
-257
118
118
933
728
644
-841
-341
150
27
899
-485
718
-936
822
-235
-424
608
615
126
-693
-833
617
245
309
509
49
503
63
-216
359
325
-1000
-284
-804
704
-998
574
838
136
-952
5
-179
-917
966
668
-584
407
-401
-713
151
503
634
-808
83
-708
-206
833
972
513
848
-887
-916
-6
977
-347
-750
735
749
-973
740
-170
69
-936
-764
409
-377
919
-762
951
395
-10
968
-146
854
366
972
660
-135
769
-776
-798
869
-926
344
-719
-881
-534
-802
-608
861
-494
-802
-529
-359
-136
471
202
-643
908
381
327
980
448
113
-613
-943
846
-64
-36
854
495
907
-199
413
64
979
277
636
-381
-300
324
934
-696
526
-968
-987
660
819
486
128
926
-111
709
861
214
-292
-577
-773
625
10
-158
-815
925
541
-95
474
437
-198
-672
-789
196
973
758
792
-231
482
147
-647
-950
-779
870
-561
-358
496
328
-301
204
449
819
-255
-37
-571
-942
-467
909
-176
-37
958
95
-61
227
-154
544
-876
281
-394
-408
-379
-123
-955
998
-877
709
173
66
-409
77
-398
549
75
-447
-472
-290
-26
-553
811
301
792
261
709
-984
-713
-931
-989
428
874
-44
-960
609
-572
-77
633
-168
-151
-950
386
894
-388
-759
-658
52
848
618
398
926
982
302
870
-204
-819
281
100
548
266
-656
-518
864
-455
-723
544
584
-593
-157
-86
52
-574
587
-320
745
-170
-437
-320
-963
-337
850
301
-521
568
-514
-775
-342
288
-812
700
463
230
97
470
41
-299
448
-420
215
985
-416
739
-340
-758
-717
-145
-692
103
868
250
-601
-668
476
37
20
299
-950
258
617
-373
-107
199
-520
-531
-29
-609
-413
598
-469
-218
-64
927
766
-974
10
-225
-732
-775
-637
-647
979
824
-678
-783
128
-299
7
357
937
-325
989
-347
-53
528
932
-975
305
789
-298
620
677
-712
-189
707
-56
-78
889
463
-959
-461
-815
-124
370
715
424
827
224
-734
544
110
415
610
315
-649
10
-904
-226
748
-938
-732
-10
219
-796
-279
-923
-658
-236
-742
-56
967
553
-770
-826
-608
-398
-347
975
-83
-262
541
174
879
843
194
-35
-433
740
621
-508
-160
540
292
564
-270
-371
-10
-891
236
-476
849
-905
-848
356
-84
932
-812
224
-285
-246
-352
432
796
909
847
394
349
579
-160
44
-519
120
-210
359
-869
556
329
650
899
934
807
-388
-517
-278
994
-312
657
-711
-691
95
840
504
-939
386
-532
528
574
140
349
842
419
277
-479
-95
-198
-988
859
-771
399
-521
-697
318
325
-714
402
-827
-561
198
-430
-894
45
312
-54
692
781
-874
939
630
-571
-856
342
559
-822
-564
409
-927
873
830
988
284
79
349
371
-740
-963
-635
257
979
181
861
-940
-580
425
-516
848
-562
810
615
-387
593
662
864
105
311
-175
816
-328
-719
-872
-141
257
811
-31
70
890
-519
900
948
-699
-453
725
-1000
-795
179
-151
-5
-47
340
-354
-235
-406
-416
378
-533
19
765
-357
-360
-953
-881
372
639
423
-57
240
-75
107
-589
771
933
750
103
752
-644
859
-644
702
-350
840
-20
971
289
55
-138
808
-886
119
-476
346
-814
-30
-663
859
-531
-861
-705
-945
-572
-872
-524
-942
-322
733
-210
598
-187
585
-335
-174
-258
-283
-54
-787
-464
692
-296
-952
-24
-280
-221
-552
581
551
-105
261
-749
354
455
45
795
-638
255
-234
-206
204
971
-378
-229
354
-493
637
-781
-541
670
-972
-356
160
-516
-180
928
365
-723
415
396
-768
981
157
-365
-211
198
17
918
799
367
161
-975
-745
811
-948
189
733
169
25
784
56
-67
-553
166
340
-172
-440
177
-976
336
219
-268
731
-753
-990
463
-584
462
-933
160
793
944
132
-529
790
326
83
-909
-330
587
-446
-508
-886
-105
-378
-574
-826
549
-447
-922
-649
-263
-610
699
767
-983
543
21
-531
-245
-241
129
-273
53
-541
-528
-593
-121
-970
-464
488
-18
577
708
164
356
-994
394
-91
-576
-567
-584
-263
321
-670
271
251
-316
-47
895
631
11
788
405
386
-956
-702
663
983
-100
571
-860
529
404
829
707
-157
-335
-376
-367
-897
250
115
-391
454
-148
-592
469
-491
417
-844
-949
-816
254
243
175
144
235
295
-554
-194
-446
924
491
-588
34
-34
727
-392
-222
-205
110
-996
-557
-896
-794
-732
-858
534
69
553
518
860
592
-487
-442
-910
124
9
-346
280
-944
471
-824
606
725
-735
875
374
12
655
692
372
-641
-152
-661
201
662
207
582
-68
242
569
871
-835
-615
468
-462
-259
747
483
238
-692
-345
343
-753
-95
-851
766
-200
-807
411
615
348
370
-806
-103
-897
166
27
627
-392
401
-196
-938
558
848
713
171
-258
395
503
176
-621
-922
-956
487
-124
-621
189
-15
-818
516
157
-726
-981
643
760
-190
751
607
627
-255
644
893
-158
480
913
330
-404
-248
-228
-902
283
-894
492
256
-364
803
218
-210
-970
-424
664
-839
-61
229
195
-528
260
-456
-309
-416
-722
490
-754
912
768
-747
30
-739
-325
969
-913
-321
-232
-589
279
-660
232
97
105
-30
-711
113
133
634
52
461
-623
908
845
-336
808
497
-370
-342
-354
915
-650
-457
-910
123
-529
-924
-823
-462
516
936
332
-692
234
-451
461
178
601
-321
-757
886
-192
-602
-123
-961
-417
-711
332
-298
-333
215
-707
-940
-60
-835
-807
-253
-192
-938
289
917
-806
-758
-757
717
-513
-958
-476
183
39
-100
-261
-12
865
958
845
-556
720
884
21
-157
511
169
211
297
-225
-920
713
-173
127
-389
309
414
666
-785
-282
-695
-66
-247
775
-572
2
635
-9
915
-72
-135
446
365
-957
-601
66
-152
568
40
-252
536
-113
134
475
-692
310
690
-784
-497
599
866
-810
538
559
663
-581
-70
872
-999
385
-878
102
731
947
701
597
283
304
216
518
-904
-885
766
848
416
-463
572
560
-696
597
979
-821
604
-932
-133
-88
155
115
345
-527
221
-511
709
-399
-641
411
-821
-892
-505
50
-225
344
784
674
-433
-811
78
-456
-680
932
-265
469
-662
-682
650
235
-863
-249
-989
-592
-685
-445
817
73
797
-555
449
905
584
39
971
-243
-910
145
-173
907
692
-6
-540
-900
725
696
-277
-931
-864
770
-291
-764
-299
969
624
958
-242
-441
-32
-766
-305
-114
650
368
250
646
-767
-574
592
141
-42
116
87
-847
312
988
-179
-442
95
-851
350
82
447
869
965
894
779
-396
62
471
313
664
761
-346
-871
625
-16
528
-842
882
192
40
-281
-117
-349
349
402
-409
453
-773
129
653
241
-344
908
-646
-343
696
457
-646
-279
-693
494
-702
-850
334
63
-99
645
-847
870
-139
-799
428
290
-685
50
-17
-115
558
-624
713
752
873
-652
-790
775
-503
-980
284
-777
506
615
469
-640
-59
741
436
526
-204
44
-664
-161
317
-249
899
705
527
498
864
786
-295
-724
-482
-99
577
544
-439
-477
-833
-248
-602
947
-578
844
337
82
354
712
291
19
161
-187
-411
719
711
-992
-745
362
-989
-920
675
901
-620
394
-155
343
262
871
-467
-745
604
452
410
-216
649
280
-618
-265
682
-375
188
-173
118
926
54
33
426
578
101
-227
-947
-418
-735
-168
-539
459
465
-465
83
45
-48
-207
360
167
714
-836
-819
173
-417
44
400
-868
-640
-698
462
145
-852
-784
303
751
103
-768
-989
-819
-217
-727
644
-356
-903
764
-5
-539
706
-260
814
-717
-731
-468
605
340
-812
130
-195
-127
524
-752
124
-967
188
-901
-552
-776
684
-831
-467
867
-917
416
597
-946
381
-135
-450
645
200
570
-54
550
-604
-139
-471
-139
-306
-363
446
842
779
759
51
797
-618
619
-6
-404
-175
-614
-765
-11
-292
-593
-127
790
-330
319
557
-502
-933
661
-532
-733
-748
105
-809
321
980
-584
-301
-131
644
-495
195
648
783
-1000
58
-685
-267
626
215
-471
-68
948
224
708
12
11
563
855
424
251
90
-299
970
733
-674
-534
988
364
-831
-482
-461
-247
980
598
798
577
-653
848
376
-733
-398
-541
-250
801
60
-440
745
965
504
191
11
-301
237
-309
-79
876
211
-978
-610
-740
-933
662
-915
-959
-683
934
239
-870
-843
-867
917
-423
654
-94
-950
582
651
-234
188
-219
-763
90
-498
711
703
262
-870
880
118
895
-711
-195
-450
-891
-726
-54
-707
-598
815
480
-479
-205
659
201
-324
738
311
-186
-811
-897
-120
-545
249
-933
-267
32
67
510
-884
-212
-747
-198
-421
-884
-840
-434
494
281
-334
-248
-979
654
-949
-937
927
-332
-689
-130
574
-923
988
538
676
160
-702
849
-722
479
-174
-564
577
975
-116
-468
651
-940
601
-869
352
-582
718
150
288
-182
542
528
-911
-245
-215
404
926
481
-699
189
167
-255
-63
684
761
-658
641
-423
-859
376
515
-870
74
-822
-697
-487
155
183
-426
740
746
-578
-844
-228
90
247
-943
-597
-156
799
453
-601
252
-71
245
730
-800
-46
956
726
-208
785
-555
286
-798
554
817
-452
-141
405
-500
-261
-639
-317
-267
-127
102
-818
779
-729
-743
483
-831
897
-36
-138
-601
122
441
515
121
969
-847
924
907
560
-678
797
826
-482
-299
263
-244
203
-868
878
-341
355
695
-322
-786
-366
-580
354
0
758
191
330
-876
-719
-635
-95
-792
257
916
897
135
-170
-633
958
-842
19
308
-728
756
259
773
367
745
148
810
551
-763
-278
927
-49
-663
372
816
936
-112
-143
-442
-883
-114
-867
-114
-497
-920
-137
988
128
-2
-599
873
738
-355
164
-841
-564
545
917
-405
931
-691
231
-568
487
321
343
-728
-477
-178
90
344
-455
-554
467
185
-661
-750
784
-420
991
-3
945
729
-245
-903
755
234
12
-345
-158
-918
-788
-718
127
411
-645
-7
-606
657
-935
755
598
-263
-755
709
445
-584
716
214
553
350
-310
957
-301
-202
-291
747
-65
179
-467
-316
296
48
-306
-611
-478
914
-735
15
-364
-748
602
-713
986
-1
462
-689
304
-116
-24
-371
-85
-839
-451
654
316
637
-990
-789
363
-169
-422
177
827
-215
712
-749
595
-572
-35
935
-95
906
46
304
-707
-862
-436
773
-548
-29
26
-818
-719
-149
779
-111
-17
-252
316
62
-841
44
-304
186
-783
71
735
-794
861
220
779
623
437
-938
448
-259
989
-488
342
341
-571
112
-328
84
472
767
-843
571
696
-364
-466
864
-254
834
55
749
-953
-198
295
-956
-578
359
108
-291
970
-290
-940
-88
-929
-98
-727
-418
-116
-204
-800
-671
636
712
918
-955
-910
672
-430
-462
992
-44
-444
-850
-946
502
552
647
-9
-659
-916
-689
117
-890
565
-433
90
-82
449
508
515
-273
374
298
811
497
-977
-55
965
-912
46
517
596
-193
300
686
943
-616
-637
395
-232
-373
-7
-860
402
40
358
46
945
-102
-800
76
-167
632
-889
212
-68
-408
-155
730
3
946
562
324
-592
475
575
862
-996
-104
742
-720
726
-722
801
-782
-273
161
769
434
25
-450
-987
700
-852
611
-815
-151
352
-312
573
-279
122
-567
-564
-323
184
88
857
-215
562
-299
267
919
265
-863
80
228
-265
-684
754
-941
896
609
59
-516
604
933
561
97
241
564
-377
775
-910
-950
330
-801
-758
-559
906
747
342
470
-34
-932
734
993
906
503
-711
4
125
-685
820
-749
10
-769
-144
-133
865
-757
548
793
593
-306
463
-6
-184
-154
-413
692
855
-675
756
952
751
131
-260
592
319
220
-697
-909
-313
44
-790
-744
-305
-344
948
-343
-986
-466
-195
-148
30
-880
440
-140
-756
636
10
-31
-642
-631
-308
-234
-309
874
964
12
542
442
-698
-142
690
-188
-658
-995
645
175
532
-569
621
522
-26
752
320
94
-160
631
973
-869
536
-749
-978
919
-745
-561
568
-181
39
671
874
-768
460
58
849
55
412
576
177
857
-118
449
941
802
-480
734
403
971
304
3
843
-465
96
-707
652
-112
-879
-977
963
866
780
-443
-206
-347
334
278
462
860
745
505
-4
-371
167
-406
-22
42
-571
-165
-359
789
324
-475
495
306
-60
393
-399
64
339
-515
490
795
429
985
284
351
79
-678
-685
-849
-729
-479
157
-261
871
740
311
-249
-761
-168
765
789
180
513
-867
-205
995
544
-461
368
-303
686
-447
-712
676
-658
-415
-258
-193
519
398
-261
-248
-253
923
799
491
-600
-184
935
-168
964
808
676
978
575
367
353
-368
-882
552
-871
486
-266
-895
-86
-283
18
-182
90
-550
780
915
690
302
-14
-161
-36
332
475
-793
72
-713
-802
-108
355
503
134
-595
-744
308
778
481
374
-617
-643
-432
-595
-560
529
-359
890
-243
251
-132
617
898
355
-402
-97
-881
941
-455
-908
175
-1000
824
190
-110
418
567
-738
648
-620
896
-417
-951
-772
-709
-461
583
-761
870
-576
-487
-128
376
-291
76
66
506
-879
-835
-299
792
627
-274
-600
641
541
-579
694
18
215
498
143
-7
-521
-662
-151
-655
589
-413
354
244
765
832
61
-904
-103
-560
-819
963
-275
223
-551
-205
-164
357
785
468
734
145
-817
-957
648
360
-430
-476
217
-907
902
-851
-995
835
-702
-8
-886
356
174
754
-866
-843
-336
780
-338
-658
824
-445
493
740
-598
-739
50
527
569
-920
-888
-300
-696
429
-206
83
689
-475
-232
624
926
-808
-560
-329
156
-99
962
663
-903
511
412
695
975
-419
-440
-628
-95
556
-905
372
553
-588
678
-264
-539
147
655
-841
-323
914
-493
-279
-990
-536
605
218
-984
420
-13
972
-885
426
542
-513
323
-52
940
-560
-594
146
-503
-94
545
697
237
-254
-559
-55
-347
-690
-443
-356
-116
494
-605
968
37
565
-608
637
-643
-146
-548
494
32
-306
-130
155
461
-229
-932
429
-146
-821
206
-235
19
704
14
459
-373
768
-455
489
283
-335
665
488
872
-853
-634
-628
-855
-490
-37
390
-803
-773
672
-298
-443
-773
958
591
814
508
-872
203
527
-594
-673
-197
-284
564
-758
-775
-205
-342
656
664
919
-723
-316
157
-339
842
-732
863
-933
-161
975
-709
321
-466
-452
967
871
725
-420
908
213
162
525
-847
-430
213
845
178
-935
-371
-536
48
520
888
-566
-949
-801
372
828
-905
-282
57
-793
-190
-103
-60
-598
-919
-177
10
83
469
843
-885
-764
-778
-201
-819
251
-269
956
569
538
599
-730
429
-700
643
-852
442
802
-481
336
584
670
820
511
419
273
723
-545
-291
-419
-411
46
-494
-247
676
641
-6
-229
132
-158
-142
-724
-365
328
-902
-103
-789
912
-509
-906
839
-892
-978
451
650
60
-970
30
58
846
-806
-75
-503
-975
-429
-573
805
-338
376
311
406
934
118
483
-154
968
405
-816
379
318
991
771
851
-112
-209
978
-193
960
-679
285
968
-636
893
62
495
-306
715
228
63
402
-198
250
-585
-683
347
987
-777
466
-844
-724
176
250
-943
-509
475
364
-542
-325
599
-343
454
-217
-831
-700
124
-101
-944
370
-252
-583
-518
-599
196
715
752
869
947
568
428
156
-869
-698
507
-420
227
204
455
303
422
640
-933
-520
945
209
-729
134
-933
354
613
-982
651
-601
247
343
-273
828
507
-479
-546
-672
661
-223
-981
385
-44
-413
-189
-586
728
-818
-455
-567
879
107
-193
-411
883
565
-547
30
-85
-951
408
-693
577
-521
293
630
201
-123
-539
-705
-725
657
-174
462
-617
880
376
-535
823
-33
-430
271
-568
-850
-115
482
340
-452
-684
582
-487
-12
283
-839
-776
51
-28
26
32
-563
-47
-238
843
577
80
790
18
-634
-320
-554
-58
-814
-409
282
-108
287
-934
-257
29
-933
-333
232
-369
137
-399
-159
505
-232
476
-886
702
683
-367
690
-800
809
119
-629
85
591
514
-291
813
-922
502
-401
-610
333
718
-552
-646
-526
889
370
950
138
-681
978
-119
911
666
-683
554
-907
-59
637
600
998
596
-363
-905
491
-763
-748
740
462
-387
-139
-826
542
763
629
785
-589
-385
-748
59
833
712
33
759
-556
-951
797
-20
-306
499
166
438
565
-162
729
414
-516
462
583
-290
997
902
-360
-471
534
550
934
-486
198
-1000
792
640
-964
-799
543
46
-472
58
490
-998
-73
159
328
356
908
113
357
752
114
-926
887
-53
579
-106
176
-427
-272
800
-104
-471
-502
-542
590
290
-796
-162
94
559
-929
670
296
877
85
308
853
521
-906
-577
-845
81
-854
757
955
-160
770
653
639
177
222
-428
792
608
88
760
389
300
317
893
-474
-678
828
62
89
928
-325
458
676
676
-909
-205
-579
-561
736
261
838
492
-515
-632
630
-134
-508
-526
-700
-575
-341
928
32
699
-153
-120
-133
-72
649
-600
767
-399
-454
-776
-437
-931
903
-340
115
-962
-172
643
-927
-917
398
194
935
214
38
136
-88
-348
713
-6
916
-533
735
-806
-191
554
-241
-139
-99
201
937
100
31
-673
-84
-236
259
896
-183
868
-93
365
-136
242
-528
-893
-703
472
704
-651
969
790
-272
271
145
305
331
643
54
-402
-914
153
-673
208
-971
158
-417
-766
-47
533
-811
537
845
581
-120
564
875
-655
627
-386
285
-838
-893
629
217
-732
462
-674
443
199
88
-270
-470
-527
-501
892
276
-543
758
469
546
-930
-741
61
-553
503
-731
247
-844
-973
-277
617
-644
-303
-737
653
-783
-407
968
723
671
260
334
23
-109
897
-10
163
-605
-694
-387
-151
-837
852
920
-473
-730
887
267
-769
846
-623
901
-186
-970
87
351
-423
-856
785
-258
802
410
829
-538
209
490
-604
653
-64
-829
-734
857
125
434
-222
-905
645
-654
-57
-108
-506
940
-518
724
-311
523
-963
163
858
-661
-337
-397
510
-279
-921
159
-887
-604
-686
48
704
-283
953
970
-540
143
-335
-971
993
-130
-436
-267
-577
761
786
913
-283
555
800
82
920
-493
-669
722
386
-546
-538
-458
-596
-409
-263
-45
428
-502
733
780
-118
972
553
330
916
-149
338
182
-624
-93
-53
-403
556
912
-757
792
-166
107
457
225
-443
-469
-803
734
-391
-302
389
307
381
111
-661
410
311
-853
466
-162
-951
-216
-3
-52
-670
997
-698
-721
-413
707
139
-288
-955
301
-944
-185
-668
-571
411
815
563
240
66
284
-847
707
-1000
873
-817
51
-576
-780
-622
650
-207
484
173
908
286
-888
-616
-123
-477
-45
-180
-185
160
462
-450
-88
947
674
926
478
382
-418
871
-192
915
-3
-641
-816
-806
157
-262
-131
650
-242
718
-662
-431
-482
798
931
-804
258
371
-1
-833
194
-81
828
614
-3
-729
136
-279
982
-228
-964
-413
-543
734
-553
292
180
114
646
110
-618
691
-653
-644
-907
822
190
852
326
-111
-174
-784
64
499
568
608
980
189
-669
107
-258
-940
-410
-374
141
-952
-8
-176
-277
913
-749
-614
-372
248
-498
851
-101
-849
148
448
-175
-620
976
-926
852
-539
-195
74
-239
-867
660
837
701
-257
-29
-210
948
-841
710
557
680
650
826
-140
373
807
-497
947
567
486
-631
942
995
944
546
-482
-617
-873
-866
580
-852
963
887
820
-3
-913
-711
339
-89
-949
300
569
734
975
-320
-140
-181
-409
456
-225
-648
-251
732
-546
-156
-704
-787
272
455
-383
-502
-247
303
836
-737
304
264
-820
762
902
-173
17
-118
452
-837
509
-464
-597
-394
582
-411
732
-483
-190
480
509
-428
395
-913
-375
473
-633
851
396
-186
127
614
-902
617
-509
-274
-388
-35
-323
333
292
294
-275
483
532
-722
-836
-64
-796
-345
565
-929
79
583
-947
525
570
-504
-911
192
-798
-47
684
237
746
595
667
10
103
926
634
-43
-239
-492
285
-880
466
-848
-689
-645
811
-732
-615
447
-295
-604
835
929
900
-352
-369
735
201
-380
-156
-562
549
-416
-644
-241
-358
-820
152
-465
-51
-625
103
-822
520
598
657
659
-810
-261
334
201
468
975
549
961
690
-878
790
122
320
-21
-51
-92
93
255
-294
-490
-584
430
-829
556
-121
623
305
909
-613
923
-884
863
-95
-842
-811
-225
901
-829
-101
-39
-11
385
-469
696
-371
74
-791
716
-750
-334
-688
-52
994
931
46
-448
-231
395
-971
270
-332
688
181
-67
-458
-129
-681
-947
-390
262
-65
369
-850
174
390
968
963
88
-480
-16
722
-359
895
-916
216
549
-126
523
-709
867
-484
-811
763
-562
-753
141
24
-388
-723
-903
2
-686
450
182
592
-378
-862
435
427
-583
-206
-340
-172
-358
894
475
-458
-81
-60
-885
-908
-892
115
-490
-691
-39
-568
-613
-813
20
-839
-877
-800
208
-309
-676
-641
-555
-990
711
-444
-20
-488
-735
738
-577
379
-497
346
-556
-266
-925
-255
782
174
-132
-710
139
780
-546
-966
630
-82
-230
516
819
497
-16
-542
756
361
877
-447
-947
-867
842
-176
-853
-554
555
-305
761
290
933
972
-674
798
600
-390
-764
915
-351
902
-573
-289
479
-334
-287
699
688
-298
921
335
42
-45
-592
-302
-38
-453
-302
379
902
-723
-452
790
321
-563
626
469
-333
-931
-365
91
-414
708
303
622
-344
-249
979
-251
-250
-840
-221
104
-219
911
489
271
540
-147
462
773
-772
-677
444
912
-40
-634
-725
321
-505
-804
-821
510
768
939
-885
583
571
607
587
27
-176
62
-533
752
-24
-225
433
639
-201
849
-514
-746
-316
955
261
-899
-494
-125
698
151
45
-887
-756
148
136
136
852
-934
-985
653
587
-982
517
354
650
42
-447
-965
-349
639
663
-235
106
431
238
171
154
926
-491
498
-717
580
261
-508
227
472
816
-396
387
-840
-298
-593
280
846
-280
-857
-513
-292
740
677
-156
733
753
110
-173
681
-820
424
407
782
598
-428
351
159
628
-531
-384
-905
-180
81
-450
464
176
-799
-564
897
-763
50
-509
962
-134
236
508
334
-510
41
-827
-283
671
-664
-731
175
-787
-209
424
433
262
-423
233
-989
-739
-861
-989
-435
-1
685
449
342
-390
116
-499
233
902
462
187
316
-156
-145
-35
422
-78
-770
791
451
610
-826
737
-341
64
-321
-32
822
-147
863
808
165
536
777
-333
-343
194
-287
-837
-622
-64
-465
-686
103
-808
-441
-178
-554
-46
385
-750
-120
198
-2
-876
465
-286
98
-282
-907
118
830
-68
-1000
-288
561
229
263
-385
967
639
-339
-355
627
-662
332
686
553
-404
632
800
-225
388
-348
-56
-132
-366
640
23
346
781
196
905
662
-807
-617
651
-285
506
-800
967
938
593
-261
-628
-654
213
370
-485
-472
730
-176
-991
374
454
103
-526
696
-918
-472
802
70
-778
-124
-118
204
484
-832
-96
-684
713
-605
-591
-516
245
-187
594
426
64
-260
-276
-91
-339
249
-484
-244
882
-465
-58
-535
795
-994
-628
251
-434
711
650
-440
-356
-704
137
733
444
-74
535
-703
912
705
90
-226
705
134
117
462
-337
-491
519
983
745
351
583
69
208
-867
912
824
412
-305
538
160
-806
-179
-787
-599
113
466
-283
133
-890
721
-99
891
220
-527
-652
-183
-669
310
-869
-345
180
742
749
573
985
947
-275
-950
-996
-199
253
293
703
-11
-921
198
-269
826
912
-77
906
726
-818
479
819
292
-598
-696
-47
-502
546
847
494
-418
665
-448
-460
275
-178
128
-955
-817
263
-984
472
192
-596
975
914
376
832
732
251
-804
-509
900
-378
733
-336
-138
293
297
263
390
46
-705
-171
-509
-794
-68
-481
484
869
-227
186
-435
-965
-56
-967
617
723
-497
-33
-681
126
613
-553
297
-427
-57
-146
-996
345
157
710
-476
-731
139
-924
569
903
-558
547
883
28
872
-158
-487
-834
114
49
530
269
-332
-103
-347
-582
-377
-381
234
689
-137
789
805
908
-91
822
-599
955
101
374
731
67
132
-688
31
-549
766
-180
-897
-673
83
581
660
150
-700
920
617
-304
589
-713
-975
727
1000
860
-996
820
-365
-845
-791
942
-582
-698
686
-355
-964
977
-259
-350
973
886
152
763
-516
-181
397
-646
502
502
117
-790
423
-436
-789
153
600
283
-552
-78
959
555
-219
-871
-884
107
423
-501
376
691
347
560
870
-108
-54
889
617
-23
-520
500
208
-23
-789
789
288
378
-459
414
-605
931
836
-738
691
-100
713
-525
-554
-886
210
-705
-827
206
216
492
-431
429
-473
994
223
23
-249
196
-563
515
668
888
155
-217
905
-472
-892
612
180
-435
154
-863
981
464
-101
556
522
-287
716
875
-486
177
457
-851
197
-159
11
-502
240
-467
-316
-364
675
317
-101
506
-506
423
694
988
725
306
449
-52
-656
712
988
633
777
98
831
-850
-249
-453
-68
513
695
-960
87
-389
873
569
491
-15
-602
46
222
-119
-275
-116
240
-319
-677
758
-267
-200
-473
5
-603
-638
-891
878
844
426
-67
-238
362
784
729
286
917
-979
-334
874
539
558
592
-159
-909
746
-606
-659
761
462
-257
-469
622
579
323
-958
716
212
194
-286
-130
-790
-175
55
-335
991
-853
-822
91
-64
-967
-499
76
-954
757
-386
71
985
-748
-322
-512
-303
437
992
-645
-422
265
-494
-524
-465
-861
-539
125
32
640
760
621
381
338
-925
-115
-1
-319
-698
773
-359
-273
-220
673
-463
850
944
-139
-801
-573
-527
-573
595
276
672
-194
689
24
433
347
577
-983
-543
748
971
967
-535
369
-829
-214
627
865
640
126
-712
-240
-336
897
-181
127
15
-882
-844
306
-895
711
383
-974
-625
835
512
554
777
878
-657
663
-873
854
37
539
-582
416
-626
-553
-61
989
653
-513
512
532
624
-193
279
174
-475
345
102
-360
-900
898
343
151
4
752
-665
411
537
-694
794
358
-946
-779
15
565
-865
-632
-526
667
-57
193
6
-461
-396
407
537
679
-180
-846
225
630
321
-37
927
-112
553
-112
-349
485
-29
261
370
-940
49
709
296
-815
33
-956
749
667
-48
-776
-459
489
-660
-451
569
-93
-724
436
-809
367
-836
556
-84
952
880
360
-753
-47
467
-173
670
-969
424
121
525
892
-603
-827
-969
64
163
799
-525
705
853
-424
63
-404
-312
-797
574
-435
-544
51
309
225
249
115
-39
-920
660
-435
-366
357
-23
828
-598
-134
-73
-51
298
-154
-718
627
-978
180
-567
84
147
682
464
282
-756
-174
182
390
927
331
523
-98
881
-943
-431
509
-623
599
-845
421
344
-743
217
75
-482
563
-928
454
-803
411
709
-32
-200
-661
379
-429
-359
581
345
-286
-936
-110
235
-345
994
-13
-111
-39
-325
218
821
920
625
-703
798
887
545
-143
376
313
-601
-137
331
-175
-836
346
-359
-868
968
322
183
-803
966
-92
-190
-159
-288
-670
488
-796
702
-6
-301
-387
534
83
652
-72
408
-905
211
-396
535
-493
70
836
-478
153
-793
992
-854
915
296
-221
-814
305
619
214
451
367
319
182
378
471
194
14
-987
-432
894
0
-605
-997
355
-404
687
-471
965
555
138
-877
412
-205
912
145
-427
694
843
-617
-713
-136
-931
-203
-586
-256
-751
-894
547
-89
-1000
284
565
691
173
-726
346
-48
-141
323
562
602
419
219
38
850
-283
326
208
521
684
-835
-433
122
558
134
-261
767
-31
-546
-264
153
141
-555
236
-236
-804
327
-928
-111
798
223
-916
845
834
-227
524
-535
777
-2
383
940
741
-536
338
-823
-569
-594
-455
515
506
-534
-508
798
-46
785
-894
704
-621
-380
764
241
799
69
656
328
512
427
529
-50
847
838
106
556
978
737
-826
143
992
218
42
-17
-37
359
-147
850
336
-210
629
-793
755
635
795
498
267
-737
247
-836
-126
368
-673
-750
-485
-122
-28
-802
498
749
339
-237
295
-189
-401
-738
-278
-751
146
-462
-632
-912
99
731
-121
-480
-981
180
-222
99
370
-317
-516
26
-934
591
779
-937
155
148
-439
744
133
-228
53
-752
-682
480
476
-340
-144
-625
565
-456
727
335
-636
343
-358
64
-632
678
596
695
935
628
454
351
-469
-815
-424
-78
497
-621
460
655
567
23
912
456
-937
952
270
956
63
473
-73
-291
931
-770
-2
-69
-250
465
-758
-670
-519
-559
-932
361
-24
860
-643
-716
-997
-11
-991
-595
81
-639
342
332
770
910
138
-953
466
-714
750
-142
217
119
572
795
-847
-567
155
221
-701
258
-80
798
-510
-148
-254
52
-181
-215
-378
964
767
-227
142
-623
750
972
-140
940
536
842
-175
-777
748
-275
-397
-223
-269
-778
-500
-974
-475
-675
916
-697
-833
682
-90
-662
710
338
-239
68
-67
-292
-74
-564
-971
936
-404
110
-603
711
-947
805
-438
-606
486
-801
-733
-625
-559
-142
-251
-106
-61
421
669
625
-590
-38
603
260
-348
-446
-487
-563
415
-286
-135
-433
-895
15
68
510
-524
-785
-427
275
539
-601
-320
864
592
-229
-327
-821
-913
-187
-282
44
436
-556
-323
509
137
694
-404
375
-428
855
53
-528
601
328
446
764
-574
829
56
-420
-317
-749
279
787
-896
949
123
-861
180
871
-686
983
203
-761
-706
-638
775
-64
403
-416
-405
273
711
-830
-938
998
-167
-832
790
-578
588
-223
-359
907
748
-276
-870
243
-337
-174
870
658
990
230
64
932
574
-375
-341
233
158
637
747
576
-374
-403
-103
-662
980
418
728
797
-267
-52
-686
-792
-295
-673
-62
540
-919
23
-957
763
716
-824
-491
783
861
-563
-371
-404
-240
32
-6
-55
-161
733
331
966
815
-850
800
-874
962
-941
-489
-486
663
-182
699
-572
30
-164
-125
909
-789
-846
-383
-968
-469
-687
-555
-15
-183
4
895
-926
854
-151
-617
-834
-770
281
-420
938
399
914
961
-688
-261
574
-561
-845
612
-47
85
279
-903
-908
261
-462
-499
445
-393
621
394
166
-835
107
427
568
-242
-316
-344
647
85
-896
-629
-136
-154
-676
-385
-741
-655
-993
-418
80
-728
-919
-449
639
-28
277
41
-477
-671
283
-991
-266
-899
-770
702
72
910
432
-304
-626
